-13167.4
-23663.4
-16495.4
-4207.36
20112.6
-3439.36
27536.6
14224.6
3728.64
-22895.4
-4207.36
-2159.36
-30063.4
3728.64
15248.6
19344.6
14224.6
-4207.36
-23151.4
-23663.4
-19823.4
30352.6
30352.6
-25711.4
656.64
32656.6
-6511.36
-16495.4
14224.6
28304.6
26768.6
32400.6
-30063.4
8080.64
-23663.4
20624.6
32144.6
10128.6
-21615.4
12176.6
-10607.4
-11631.4
18576.6
-19823.4
13200.6
-11119.4
7824.64
656.64
-29039.4
-623.36
11920.6
-23663.4
4752.64
-31855.4
-6767.36
20624.6
-23663.4
-9071.36
-32111.4
-6511.36
-12399.4
-12911.4
14224.6
22928.6
28816.6
8336.64
18576.6
24464.6
-26991.4
-22639.4
-21615.4
23696.6
-5487.36
-13935.4
-2671.36
3728.64
2448.64
-32111.4
-7023.36
30608.6
32656.6
-31599.4
12432.6
-25967.4
1936.64
29840.6
-10351.4
-10351.4
7824.64
1936.64
16784.6
9104.64
-16495.4
-29551.4
21904.6
3728.64
7824.64
29072.6
-28015.4
-21615.4
-14959.4
26256.6
3984.64
-30063.4
9872.64
11152.6
12944.6
29072.6
18064.6
-31855.4
26512.6
-12911.4
31120.6
-10607.4
1680.64
23696.6
-111.36
-2159.36
-11119.4
2704.64
-18799.4
11152.6
11152.6
18576.6
-30575.4
26000.6
-16239.4
11152.6
-14447.4
-25967.4
-22895.4
-29551.4
-23663.4
26000.6
-22127.4
8592.64
4752.64
-13423.4
-111.36
-22639.4
-30063.4
16528.6
23952.6
11152.6
14224.6
24464.6
33168.6
4240.64
-21615.4
14224.6
-29551.4
1680.64
32656.6
7312.64
-18543.4
-17775.4
-30063.4
-30831.4
14480.6
-7535.36
16272.6
-19055.4
-6767.36
-13679.4
-7023.36
33168.6
18320.6
-19567.4
10640.6
33168.6
1680.64
-22639.4
15248.6
-15983.4
-12143.4
-7279.36
-7023.36
6288.64
15248.6
-879.36
29584.6
14992.6
-29039.4
7312.64
-19567.4
-14191.4
20368.6
-29807.4
-13679.4
7312.64
5776.64
12432.6
-4719.36
12176.6
-19823.4
29072.6
26768.6
-8815.36
7312.64
12176.6
